# CC = 0.375
# From Figure 12a in Veilleux 1976, see our Figure 1(middle)
# time (d) prey(#ind/ml) predator(#ind/ml)
          0     61.21     3.448
        0.5     86.21     3.448
          1     94.83     5.172
        1.5     138.8     9.483
          2     212.9     9.483
        2.5     302.6     10.34
          3     346.6     14.66
        3.5     311.2     24.14
          4     212.1     38.79
        4.5     162.9     63.79
          5      93.1     91.38
        5.5     63.79     78.45
          6     67.24     47.41
        6.5     80.17     30.17
          7     87.93     14.66
        7.5       106      18.1
          8       131     20.69
        8.5     175.9     24.14
          9     223.3     19.83
        9.5     274.1     23.28
         10     283.6     27.59
       10.5     233.6     41.38
         11     180.2     55.17
       11.5     162.1     69.83
         12       125     57.76
       12.5     105.2     51.72
         13     111.2     38.79
       13.5     128.4     31.03
         14     113.8     28.45
       14.5     129.3     16.38
         15     133.6     8.621
       15.5     149.1     12.93
         16     182.8      18.1
       16.5       200     19.83
         17       225     27.59
       17.5     201.7     34.48
         18     176.7     57.76
       18.5     150.9     42.24
         19     129.3     34.48
       19.5     124.1     11.21
         20     132.8     13.79
       20.5     161.2     15.52
         21     203.4     20.69
       21.5     235.3        25
         22     212.9     37.93
       22.5     184.5     50.86
         23     150.9     53.45
       23.5     137.1     51.72
         24     123.3     38.79
       24.5     126.7     35.34
         25     131.9     25.86
       25.5       156     10.34
         26     184.5     15.52
       26.5     240.5        25
         27       256     39.66
       27.5     219.8      56.9
         28     220.7     45.69
       28.5     193.1     22.41
         29       150     9.483
       29.5     161.2     6.897
         30       179     8.621
       30.5     196.6     10.34
         31     223.3     16.38
       31.5     243.1     28.45
         32     254.3     43.97

